1.8004
1.7965
1.7711
1.7602
1.7643
1.7463
1.7392
1.8123
1.7707
1.7797
1.7717
1.7739
1.7626
1.7529
1.7515
1.762
1.7609
1.7526
1.7374
1.726
1.7123
1.7079
1.7151
1.6951
1.6765
1.6725
1.6944
1.6945
1.685
1.6752
1.6781
1.6807
1.688
1.676
1.6616
1.6351
1.6423
1.6582
1.6543
1.6684
1.6579
1.6605
1.6615
1.6609
1.6489
1.6527
1.6447
1.6607
1.6586
1.6658
1.6712
1.6658
1.6685
1.6728
1.6543
1.6426
1.6415
1.647
1.6471
1.6281
1.6185
1.6223
1.6211
1.6205
1.6162
1.6096
1.614
1.6246
1.6215
1.6202
1.6281
1.6049
1.6103
1.6114
1.5851
1.5759
1.5825
1.5775
1.573
1.5725
1.5692
1.5744
1.5725
1.5607
1.5519
1.5415
1.5343
1.5535
1.563
1.5725
1.5662
1.5618
1.5495
1.554
1.5561
1.5683
1.5585
1.5598
1.5593
1.5442
1.5458
1.5481
1.5446
1.5374
1.5463
1.5411
1.5405
1.54
1.5344
1.5233
1.5148
1.5242
1.5413
1.5395
1.5273
1.5234
1.5207
1.5138
1.5046
1.5215
1.5119
1.5176
1.5104
1.5165
1.5353
1.5242
1.5258
1.5262
1.5035
1.5066
1.4985
1.4984
1.5018
1.4967
1.5003
1.4967
1.5097
1.5116
1.5109
1.5136
1.5123
1.5507
1.5656
1.5776
1.582
1.6203
1.6038
1.6042
1.6114
1.6099
1.6093
1.5944
1.6114
1.6102
1.6108
1.6056
1.6129
1.5926
1.5816
1.5826
1.5607
1.5575
1.5604
1.5649
1.5971
1.5873
1.5735
1.5576
1.5698
1.5619
1.5547
1.5753
1.5852
1.5878
1.5988
1.5788
1.5729
1.5813
1.5731
1.5578
1.524
1.5235
1.5325
1.5324
1.528
1.5363
1.5326
1.5449
1.534
1.5431
1.5297
1.5335
1.5444
1.5652
1.57
1.5809
1.5678
1.5774
1.5759
1.5656
1.5656
1.573
1.5916
1.5946
1.6094
1.618
1.6155
1.6032
1.6072
1.5907
1.5809
1.5626
1.554
1.5508
1.5419
1.5526
1.5395
1.541
1.5378
1.5176
1.526
1.532
1.5289
1.5275
1.5082
1.5076
1.515
1.5238
1.522
1.5053
1.5089
1.511
1.4981
1.4971
1.4809
1.4837
1.4868
1.4882
1.4877
1.4823
1.5078
1.5087
1.5134
1.5046
1.4968
1.4966
1.4866
1.4867
1.504
1.4963
1.4944
1.4932
1.4877
1.489
1.4919
1.4868
1.4678
1.4613
1.4608
1.4577
1.4936
1.5065
1.5091
1.501
1.4873
1.4963
1.5017
1.4897
1.4819
1.4651
1.4626
1.4647
1.4625
1.4607
1.446
1.4444
1.4405
1.4331
1.4178
1.4195
1.4121
1.4098
1.4045
1.4182
1.4045
1.4354
1.4334
1.4317
1.4173
1.4308
1.4259
1.4279
1.4409
1.4288
1.4317
1.4586
1.4754
1.4479
1.4265
1.3969
1.4097
1.3968
1.4123
1.4051
1.3976
1.3939
1.3917
1.402
1.3981
1.4166
1.4054
1.4142
1.417
1.4277
1.4282
1.4259
1.4106
1.4203
1.4238
1.4207
1.406
1.3935
1.3922
1.3879
1.3873
1.3842
1.4078
1.3946
1.3917
1.3989
1.4017
1.4018
1.3931
1.4063
1.4184
1.4142
1.3994
1.3815
1.3724
1.3492
1.3543
1.3457
1.3465
1.3252
1.336
1.3457
1.333
1.3418
1.3593
1.3565
1.3431
1.3608
1.3475
1.3289
1.3443
1.3324
1.345
1.3616
1.3714
1.36
1.3733
1.3915
1.4065
1.3982
1.3958
1.3944
1.3905
1.4017
1.4093
1.4271
1.3982
1.4058
1.4102
1.4168
1.4011
1.4097
1.4143
1.3998
1.394
1.3876
1.3876
1.3873
1.3939
1.394
1.4052
1.4157
1.4049
1.4054
1.4179
1.4197
1.407
1.4098
1.4066
1.4034
1.3861
1.3863
1.3877
1.3849
1.3595
1.3625
1.3783
1.37
1.3803
1.3772
1.3773
1.3663
1.3702
1.3794
1.3544
1.3372
1.3424
1.3575
1.3452
1.3351
1.3392
1.3545
1.3364
1.3564
1.3441
1.3505
1.3468
1.3288
1.3264
1.3237
1.3375
1.3361
1.3371
1.3288
1.322
1.3141
1.3102
1.3255
1.3109
1.3032
1.2873
1.2884
1.2716
1.2751
1.2801
1.2956
1.2815
1.2658
1.2699
1.2549
1.2671
1.3251
1.3054
1.3029
1.3206
1.3241
1.3198
1.3235
1.3212
1.3098
1.3146
1.2997
1.3069
1.31
1.3106
1.3021
1.3093
1.2851
1.2922
1.294
1.272
1.2774
1.2679
1.2679
1.2644
1.2491
1.2666
1.299
1.2887
1.3038
1.3261
1.3354
1.3283
1.3126
1.3157
1.3158
1.3434
1.3338
1.3228
1.3316
1.3297
1.3288
1.3213
1.3194
1.3062
1.3025
1.3037
1.2934
1.3095
1.3275
1.3375
1.3361
1.3814
1.3573
1.3621
1.3647
1.3582
1.3373
1.341
1.3376
1.3424
1.362
1.3681
1.3587
1.3807
1.3924
1.4053
1.4062
1.4022
1.3965
1.4115
1.4266
1.4141
1.4348
1.4212
1.4063
1.4082
1.4259
1.4244
1.417
1.4141
1.4164
1.4196
1.4185
1.4023
1.4157
1.4059
1.3861
1.3878
1.3825
1.3809
1.3954
1.4075
1.4046
1.4107
1.4084
1.4092
1.3916
1.3931
1.4064
1.4145
1.3969
1.3901
1.3991
1.4202
1.3928
1.4097
1.3916
1.3937
1.3969
1.4012
1.4151
1.4273
1.4488
1.4362
1.4314
1.4395
1.4451
1.4463
1.4358
1.4287
1.4202
1.413
1.4008
1.4098
1.412
1.4138
1.3975
1.3973
1.3952
1.3962
1.3935
1.3884
1.3904
1.3808
1.3974
1.4208
1.4204
1.4075
1.4095
1.3949
1.3765
1.379
1.3727
1.377
1.3731
1.3891
1.3912
1.3896
1.3804
1.3922
1.3929
1.37
1.3641
1.3656
1.3686
1.3686
1.3677
1.3602
1.3627
1.3529
1.358
1.3621
1.3666
1.354
1.3486
1.3432
1.3361
1.3269
1.3345
1.324
1.3253
1.3167
1.3194
1.3146
1.3009
1.3046
1.3005
1.3047
1.2878
1.2864
1.2884
1.2915
1.3014
1.2925
1.3244
1.3122
1.3124
1.3072
1.3076
1.3002
1.3099
1.3085
1.3033
1.2955
1.2927
1.28
1.284
1.2776
1.2729
1.2698
1.2841
1.298
1.3102
1.3024
1.3093
1.3209
1.3083
1.3242
1.3432
1.3531
1.34
1.3401
1.3506
1.3465
1.3426
1.3407
1.3389
1.3553
1.3515
1.3516
1.3465
1.3395
1.3441
1.3584
1.3793
1.383
1.3802
1.3955
1.3962
1.4053
1.4145
1.4107
1.4272
1.4072
1.4048
1.4009
1.3958
1.4053
1.4047
1.4143
1.4075
1.3899
1.3874
1.3784
1.3942
1.4175
1.3984
1.4151
1.4158
1.4483
1.4555
1.4535
1.455
1.4524
1.4385
1.4372
1.4382
1.4475
1.4478
1.4418
1.4407
1.443
1.4431
1.4283
1.4382
1.44
1.4335
1.4306
1.4196
1.4114
1.4205
1.411
1.4121
1.4211
1.4204
1.4136
1.4008
1.4033
1.3992
1.4027
1.4199
1.4281
1.4347
1.4486
1.4464
1.4272
1.4282
1.4354
1.4324
1.4278
1.429
1.4113
1.4
1.4049
1.4075
1.3928
1.4044
1.4052
1.4048
1.4055
1.41
1.4
1.4031
1.4061
1.4057
1.4054
1.4007
1.4035
1.3973
1.405
1.3966
1.4063
1.4005
1.4066
1.414
1.4129
1.4141
1.4169
1.4155
1.4145
1.4044
1.4134
1.4077
1.4436
1.4422
1.4305
1.4212
1.4267
1.4231
1.4254
1.4292
1.4252
1.4209
1.4027
1.423
1.4219
1.4297
1.4202
1.4233
1.403
1.3934
1.383
1.3697
1.3712
1.3672
1.3709
1.3747
1.3881
1.3879
1.3902
1.3956
1.4015
1.393
1.3926
1.3819
1.3852
1.3862
1.3814
1.3908
1.3823
1.3914
1.3938
1.3939
1.3896
1.3886
1.3886
1.3762
1.3798
1.3836
1.3855
1.3946
1.3872
1.3831
1.385
1.4055
1.4098
1.3951
1.3969
1.3908
1.3956
1.3859
1.3871
1.3927
1.3897
1.3923
1.4059
1.401
1.4029
1.3997
1.3957
1.3985
1.4023
1.3978
1.3989
1.3964
1.3974
1.4014
1.3986
1.3992
1.3974
1.3953
1.3959
1.4032
1.4034
1.413
1.4126
1.4123
1.4165
1.431
1.4322
1.4238
1.4222
1.4234
1.4199
1.4127
1.4081
1.4184
1.4189
1.4182
1.4169
1.4251
1.4162
1.4157
1.4114
1.4184
1.4244
1.4383
1.4382
1.4287
1.4417
1.4375
1.4366
1.4475
1.4527
1.4516
1.4541
1.4491
1.4648
1.4594
1.4635
1.4747
1.4737
1.4728
1.4836
1.4777
1.4995
1.4844
1.5005
1.504
1.5032
1.4943
1.4995
1.4875
1.497
1.511
1.5034
1.5001
1.5063
1.5371
1.5574
1.5512
1.5502
1.5563
1.5596
1.5625
1.5742
1.5713
1.5722
1.5527
1.5456
1.5425
1.5461
1.5688
1.5606
1.5486
1.5313
1.5228
1.529
1.5368
1.5435
1.5426
1.5252
1.5315
1.5249
1.5387
1.5308
1.5224
1.5105
1.5097
1.5154
1.5283
1.534
1.5315
1.5301
1.539
1.5444
1.5691
1.5558
1.529
1.5315
1.5386
1.5425
1.5521
1.5318
1.5217
1.543
1.5416
1.5403
1.547
1.5617
1.5495
1.5461
1.5409
1.5566
1.5639
1.5556
1.5733
1.5665
1.5608
1.559
1.5668
1.5719
1.5648
1.5648
1.5531
1.559
1.539
1.5304
1.53
1.527
1.5331
1.5221
1.5277
1.5237
1.5329
1.5365
1.5449
1.5531
1.5483
1.5601
1.5507
1.5536
1.5752
1.5905
1.5844
1.5899
1.5911
1.5869
1.5934
1.6101
1.5866
1.5851
1.5837
1.5597
1.5573
1.5628
1.5634
1.5586
1.5364
1.5516
1.5607
1.5578
1.5591
1.5752
1.5768
1.5693
1.5775
1.5892
1.5959
1.6047
1.5882
1.5965
1.5899
1.5962
1.5976
1.6274
1.6381
1.655
1.6422
1.6264
1.6383
1.6257
1.6231
1.6371
1.6285
1.6248
1.6301
1.6234
1.62
1.6304
1.6367
1.6362
1.6408
1.6409
1.6448
1.6504
1.6501
1.6543
1.641
1.6562
1.6303
1.6415
1.6523
1.648
1.6434
1.6458
1.6366
1.6403
1.6411
1.6393
1.6315
1.6325
1.6229
1.6212
1.6316
1.6054
1.6059
1.6081
1.612
1.6088
1.6028
1.6209
1.6157
1.6137
1.617
1.6161
1.6209
1.624
1.6117
1.6034
1.5878
1.5708
1.5675
1.5696
1.5654
1.5808
1.5769
1.5669
1.5711
1.5736
1.6037
1.5995
1.6019
1.5773
1.5824
1.5758
1.576
1.5773
1.5813
1.5619
1.5657
1.5696
1.5681
1.5881
1.5904
1.5845
1.6112
1.599
1.5951
1.5927
1.6038
1.5925
1.5926
1.5956
1.5889
1.5984
1.6049
1.6107
1.6015
1.5977
1.5759
1.5769
1.5846
1.5777
1.5783
1.5902
1.6273
1.6279
1.6366
1.6243
1.6294
1.6214
1.6058
1.6034
1.586
1.5932
1.5979
1.6014
1.59
1.5937
1.5883
1.5826
1.5825
1.5868
1.5727
1.5762
1.5661
1.5755
1.5676
1.5628
1.5474
1.5448
1.5506
1.5541
1.5594
1.5394
1.5341
1.5306
1.5368
1.5488
1.5724
1.5575
1.5577
1.5584
1.5542
1.5637
1.5754
1.5886
1.5951
1.6125
1.6011
1.5994
1.5901
1.5876
1.5922
1.5867
1.5709
1.582
1.5958
1.5942
1.592
1.5813
1.5722
1.5656
1.5615
1.5575
1.5659
1.5543
1.5477
1.551
1.5476
1.5375
1.5271
1.5163
1.5269
1.5225
1.5263
1.5118
1.5072
1.5051
1.4965
1.5002
1.5195
1.5253
1.528
1.5345
1.5327
1.5434
1.5362
1.5338
1.5415
1.5341
1.5385
1.5495
1.555
1.5516
1.5557
1.554
1.5717
1.5731
1.5793
1.5663
1.5589
1.5723
1.5675
1.5709
1.5676
1.5458
1.5474
1.5496
1.538
1.5287
1.5335
1.5375
1.5388
1.5399
1.541
1.5371
1.5356
1.531
1.5337
1.5306
1.5391
1.5329
1.5279
1.5251
1.5203
1.5109
1.5104
1.516
1.5195
1.5292
1.5383
1.5424
1.5502
1.5518
1.5549
1.5461
1.548
1.5464
1.5567
1.5552
1.5623
1.5636
1.5699
1.5785
1.5772
1.59
1.5918
1.6043
1.6094
1.6059
1.6138
1.6278
1.6418
1.6496
1.6585
1.6584
1.6445
1.6349
1.6315
1.638
1.6234
1.628
1.6249
1.6336
1.6311
1.628
1.6282
1.6323
1.6259
1.6159
1.6313
1.6188
1.6108
1.6206
1.6313
1.6487
1.6668
1.65
1.6416
1.6525
1.6546
1.6523
1.6604
1.674
1.6811
1.6784
1.6765
1.6866
1.6898
1.689
1.6911
1.6901
1.6802
1.6861
1.6862
1.6856
1.6895
1.6845
1.682
1.6809
1.6668
1.6758
1.6707
1.6618
1.6443
1.629
1.6276
1.636
1.6398
1.6262
1.6215
1.6306
1.6353
1.643
1.6367
1.6414
1.6428
1.6407
1.6364
1.6307
1.6283
1.6106
1.5985
1.5922
1.5979
1.615
1.6103
1.5842
1.5791
1.5821
1.6009
1.6013
1.5966
1.6009
1.608
1.6213
1.6131
1.6108
1.6139
1.6105
1.6043
1.6066
1.6154
1.6239
1.6383
1.6402
1.6492
1.671
1.6682
1.6609
1.6482
1.6419
1.6471
1.6447
1.6476
1.6632
1.6733
1.658
1.6431
1.6472
1.6391
1.6495
1.6513
1.6636
1.6685
1.6611
1.6703
1.6749
1.6611
1.6604
1.6592
1.652
1.6391
1.6381
1.6428
1.6377
1.6603
1.6561
1.654
1.6511
1.6538
1.6462
1.6424
1.633
1.6348
1.6442
1.6358
1.6343
1.6172
1.6198
1.6272
1.6255
1.6318
1.6345
1.6303
1.6328
1.6345
1.6348
1.6381
1.6333
1.6271
1.6235
1.6222
1.6199
1.6085
1.6039
1.6159
1.6076
1.6028
1.5921
1.6011
1.6042
1.5844
1.5866
1.5922
1.6118
1.6178
1.6179
1.6239
1.6267
1.6176
1.6109
1.6111
1.6111
1.5975
1.5923
1.5831
1.5823
1.5828
1.5792
1.5845
1.5958
1.5966
1.5884
1.5802
1.5673
1.5648
1.5562
1.5705
1.5789
1.5816
1.5926
1.5889
1.5724
1.5855
1.5763
1.5855
1.5754
1.5793
1.5748
1.5648
1.5677
1.5661
1.574
1.5661
1.5608
1.5603
1.5511
1.5448
1.5475
1.5539
1.5477
1.5537
1.5534
1.5639
1.5658
1.5751
1.5721
1.5716
1.5684
1.5629
1.5639
1.5628
1.5606
1.5546
1.5566
1.5559
1.5571
1.5506
1.5507
1.544
1.5397
1.5489
1.5405
1.5394
1.549
1.5504
1.5506
1.5651
1.566
1.5517
1.5508
1.5537
1.5572
1.5631
1.5675
1.5785
1.5845
1.5739
1.5928
1.6072
1.6074
1.6306
1.6275
1.6225
1.6271
1.6372
1.6479
1.6436
1.6351
1.6428
1.6424
1.6478
1.6656
1.6631
1.6625
1.6562
1.6579
1.6483
1.6416
1.6278
1.6254
1.6269
1.6224
1.6226
1.6041
1.5992
1.5997
1.5917
1.5859
1.5883
1.5969
1.597
1.5934
1.5938
1.5939
1.5994
1.61
1.6136
1.6167
1.6167
1.6153
1.6126
1.6123
1.6101
1.6086
1.6011
1.5949
1.6016
1.5986
1.596
1.6052
1.6078
1.6101
1.6051
1.6073
1.6205
1.6271
1.6511
1.6358
1.634
1.6306
1.6286
1.6341
1.6317
1.6267
1.6242
1.6145
1.6112
1.6176
1.6157
1.6113
1.6094
1.614
1.6027
1.6001
1.5872
1.5834
1.5809
1.5683
1.5685
1.5737
1.5736
1.5691
1.5683
1.5708
1.5746
1.5749
1.5927
1.6022
1.5979
1.5956
1.6
1.6193
1.6209
1.6162
1.6226
1.6148
1.6082
1.6112
1.6121
1.6172
1.6191
1.6189
1.6153
1.6176
1.6158
1.6058
1.5876
1.5918
1.6001
1.5955
1.584
1.6016
1.6049
1.5976
1.5952
1.589
1.5848
1.5893
1.5831
1.5886
1.5845
1.5679
1.5531
1.5341
1.53
1.5311
1.5284
1.5286
1.5351
1.5347
1.5324
1.5165
1.5218
1.5057
1.4984
1.5077
1.5031
1.4971
1.4931
1.4916
1.484
1.5024
1.4919
1.4864
1.49
1.4867
1.4784
1.4747
1.4803
1.476
1.4607
1.4584
1.4742
1.4668
1.4538
1.4651
1.469
1.4617
1.4668
1.4782
1.4779
1.4711
1.469
1.4846
1.494
1.4856
1.4874
1.4803
1.4902
1.4984
1.51
1.4996
1.5015
1.5
1.4976
1.4935
1.4801
1.4812
1.4773
1.4846
1.4831
1.4765
1.4675
1.4613
1.4621
1.4709
1.4634
1.4628
1.4552
1.4708
1.4885
1.4868
1.4865
1.4826
1.4686
1.4602
1.4587
1.4552
1.4523
1.4483
1.4487
1.4316
1.4178
1.4264
1.4244
1.4209
1.4167
1.4095
1.4171
1.4155
1.4063
1.3903
1.3935
1.4027
1.4261
1.4325
1.4208
1.4203
1.4079
1.4062
1.4209
1.4235
1.4167
1.4068
1.4062
1.4162
1.4226
1.4261
1.4189
1.4168
1.4211
1.4161
1.4201
1.4153
1.4164
1.409
1.4021
1.4036
1.3951
1.3966
1.3939
1.4003
1.3961
1.3961
1.3892
1.3892
1.4062
1.385
1.3817
1.3796
1.3762
1.3716
1.3787
1.3741
1.3723
1.3612
1.3599
1.3607
1.3626
1.3677
1.3665
1.3747
1.3739
1.3776
1.3888
1.386
1.3932
1.402
1.3918
1.3799
1.3842
1.3832
1.3948
1.3796
1.3725
1.3737
1.3809
1.3934
1.3941
1.4158
1.4142
1.4092
1.4073
1.4049
1.3972
1.4055
1.3996
1.4122
1.4223
1.403
1.4133
1.4123
1.415
1.4149
1.396
1.3826
1.387
1.3782
1.3786
1.3821
1.3706
1.3734
1.3808
1.3761
1.3755
1.3741
1.3788
1.3734
1.3742
1.3725
1.3715
1.3668
1.364
1.3718
1.3715
1.359
1.3532
1.3607
1.3524
1.3627
1.3686
1.3636
1.3733
1.3793
1.3867
1.3841
1.3864
1.3885
1.399
1.4072
1.4213
1.4143
1.4139
1.4049
1.3995
1.41
1.408
1.4098
1.4108
1.4084
1.4172
1.4281
1.424
1.4225
1.3975
1.3878
1.3864
1.3883
1.3885
1.4029
1.4063
1.4039
1.4008
1.4064
1.413
1.4058
1.4043
1.4097
1.4005
1.3979
1.4003
1.4063
1.4137
1.4114
1.4047
1.4044
1.4214
1.4305
1.4263
1.422
1.4235
1.4321
1.4352
1.4327
1.4418
1.4235
1.4182
1.4088
1.4138
1.4107
1.4099
1.4148
1.4235
1.4257
1.4264
1.424
1.4067
1.3871
1.3905
1.3993
1.4045
1.4101
1.413
1.4026
1.4051
1.4023
1.4041
1.4056
1.4112
1.4138
1.4025
1.4132
1.4212
1.4205
1.4152
1.4182
1.4228
1.4335
1.4357
1.4452
1.4378
1.4289
1.4186
1.4213
1.4214
1.4334
1.4347
1.4405
1.4406
1.4323
1.442
1.4387
1.4346
1.4457
1.4441
1.438
1.4492
1.447
1.4369
1.442
1.4391
1.4353
1.4338
1.4393
1.4342
1.4384
1.4372
1.444
1.4317
1.4243
1.4235
1.4122
1.4184
1.4206
1.419
1.423
1.4163
1.4219
1.4242
1.4228
1.4066
1.4155
1.4245
1.4227
1.4228
1.4207
1.4203
1.42
1.4201
1.4299
1.4302
1.4264
1.4259
1.4149
1.4143
1.4132
1.4136
1.4226
1.4246
1.4299
1.4321
1.4234
1.4154
1.4154
1.4239
1.4251
1.4246
1.4231
1.4232
1.4286
1.4266
1.4156
1.4158
1.418
1.4191
1.4259
1.4262
1.4255
1.4331
1.4471
1.4489
1.4402
1.4418
1.4385
1.4448
1.4489
1.4531
1.4572
1.4602
1.4572
1.4572
1.4651
1.4676
1.4676
1.4686
1.4769
1.4817
1.4866
1.4863
1.4953
1.5053
1.5139
1.5208
1.5204
1.5177
1.5275
1.5269
1.5135
1.5246
1.5273
1.5242
1.5151
1.5114
1.5217
1.5137
1.5155
1.524
1.5297
1.5268
1.5281
1.5452
1.5457
1.539
1.5374
1.5282
1.5327
1.5301
1.5296
1.5136
1.5108
1.5127
1.5166
1.5207
1.5189
1.5203
1.5399
1.5336
1.5287
1.5255
1.5306
1.5342
1.5325
1.5331
1.541
1.5312
1.5322
1.537
1.5413
1.5296
1.5177
1.5253
1.5265
1.5326
1.5259
1.5308
1.5323
1.5349
1.5214
1.522
1.5256
1.5359
1.5419
1.5497
1.5456
1.545
1.5434
1.5451
1.5494
1.5469
1.5387
1.5453
1.5495
1.5548
1.5637
1.5626
1.5522
1.5409
1.545
1.5432
1.5416
1.5429
1.5477
1.5487
1.5366
1.5459
1.5467
1.5441
1.541
1.5424
1.5348
1.5328
1.5351
1.5352
1.5333
1.5386
1.5312
1.5334
1.5225
1.5223
1.5298
1.5236
1.5235
1.5187
1.5096
1.5086
1.4985
1.5028
1.4946
1.4984
1.4983
1.5036
1.5012
1.4931
1.4931
1.4862
1.4767
1.4611
1.4579
1.461
1.4552
1.457
1.4541
1.4614
1.4398
1.4388
1.4335
1.4252
1.4305
1.4341
1.4267
1.4261
1.4186
1.4175
1.423
1.4202
1.4159
1.4373
1.4302
1.431
1.4303
1.4411
1.4424
1.4402
1.4384
1.4293
1.4245
1.4395
1.438
1.4415
1.4426
1.4303
1.4264
1.4329
1.4569
1.4484
1.4414
1.4419
1.438
1.4417
1.442
1.4405
1.4436
1.4456
1.4276
1.4396
1.4456
1.46
1.454
1.4557
1.4444
1.4473
1.455
1.4569
1.4496
1.4479
1.4399
1.4372
1.4352
1.4508
1.4469
1.4416
1.4298
1.4297
1.4299
1.425
1.4328
1.4327
1.4421
1.4464
1.4454
1.4446
1.4362
1.4305
1.4329
1.4433
1.4398
1.4569
1.4467
1.4461
1.436
1.4286
1.4252
1.4226
1.4155
1.4037
1.4071
1.4113
1.4137
1.4208
1.4163
1.4122
1.4142
1.4122
1.4131
1.4082
1.3947
1.3863
1.3869
1.388
1.3874
1.3865
1.3835
1.3878
1.387
1.395
1.3809
1.3866
1.3734
1.3797
1.3785
1.383
1.3822
1.3763
1.3768
1.3664
1.3531
1.3527
1.3482
1.3354
1.3629
1.379
1.3956
1.3945
1.4041
1.4273
1.4302
1.4318
1.4525
1.4639
1.4628
1.4616
1.4633
1.4767
1.4676
1.4605
1.4695
1.4682
1.4815
1.4975
1.4817
1.4708
1.48
1.482
1.486
1.4915
1.485
1.4561
1.4503
1.4461
1.4338
1.4356
1.4217
1.4265
1.4389
1.4449
1.4515
1.4666
1.4553
1.4714
1.4724
1.4739
1.4787
1.5082
1.5172
1.5096
1.5122
1.5007
1.5024
1.493
1.4953
1.4987
1.4893
1.4819
1.4843
1.4759
1.4724
1.4846
1.4847
1.4824
1.467
1.4705
1.4732
1.4537
1.4536
1.4525
1.4562
1.456
1.4635
1.4732
1.4836
1.4899
1.4925
1.4995
1.4885
1.4722
1.4742
1.4779
1.4895
1.4948
1.5035
1.5084
1.5097
1.5069
1.5194
1.5261
1.5302
1.5362
1.5479
1.5689
1.5674
1.5635
1.5817
1.587
1.5949
1.6085
1.608
1.6226
1.6069
1.5896
1.5722
1.5822
1.5804
1.591
1.6022
1.6166
1.6139
1.6223
1.6168
1.6073
1.5896
1.5957
1.5935
1.6039
1.6154
1.6042
1.5861
1.5853
1.5782
1.5689
1.5715
1.5717
1.5719
1.5462
1.5548
1.5592
1.5509
1.5562
1.5407
1.5496
1.5466
1.5487
1.5502
1.5509
1.5494
1.5533
1.5588
1.5571
1.5578
1.5302
1.5382
1.546
1.562
1.561
1.5727
1.5906
1.6136
1.5979
1.5777
1.5806
1.5747
1.5888
1.5816
1.5797
1.5712
1.5805
1.5768
1.5823
1.5786
1.5899
1.585
1.5942
1.6063
1.6142
1.6117
1.593
1.5988
1.5973
1.5953
1.5878
1.609
1.5995
1.5979
1.592
1.586
1.5901
1.5921
1.5943
1.5869
1.5832
1.5968
1.6087
1.6087
1.5945
1.597
1.598
1.6035
1.6168
1.6159
1.6201
1.6075
1.6013
1.5936
1.5916
1.5775
1.5685
1.5558
1.5637
1.564
1.5598
1.5502
1.5424
1.5379
1.5417
1.5456
1.551
1.5585
1.5483
1.55
1.5344
1.5194
1.5091
1.503
1.509
1.495
1.5036
1.514
1.5283
1.5176
1.539
1.5154
1.5305
1.5233
1.5205
1.5205
1.5148
1.4929
1.4961
1.4912
1.4804
1.4899
1.4787
1.4991
1.5105
1.5398
1.5839
1.5903
1.565
1.5833
1.6056
1.5936
1.59
1.5928
1.6088
1.6285
1.5994
1.5969
1.6133
1.6075
1.5697
1.5681
1.534
1.4949
1.4858
1.4972
1.5224
1.511
1.5168
1.5193
1.5465
1.5504
1.5502
1.5554
1.5634
1.5814
1.6151
1.6134
1.5912
1.5985
1.5937
1.5775
1.5725
1.5756
1.5853
1.5948
1.6354
1.6067
1.6171
1.6295
1.6383
1.6598
1.6555
1.6832
1.7004
1.7433
1.71
1.6763
1.7041
1.6984
1.7408
1.7331
1.6998
1.6942
1.6475
1.585
1.6061
1.6344
1.6186
1.6021
1.632
1.6144
1.6373
1.6434
1.6492
1.6364
1.6345
1.6392
1.6087
1.5864
1.619
1.6161
1.5963
1.5895
1.585
1.6058
1.5928
1.5807
1.6001
1.5969
1.5866
1.6138
1.5994
1.5833
1.5912
1.5959
1.5882
1.5868
1.5911
1.6001
1.5996
1.5947
1.5885
1.5985
1.6229
1.6219
1.6156
1.6139
1.6258
1.6405
1.6349
1.6325
1.646
1.6413
1.6534
1.6495
1.6563
1.6732
1.677
1.6753
1.656
1.6598
1.6707
1.6446
1.6533
1.6685
1.6764
1.6725
1.6664
1.6656
1.6501
1.634
1.6328
1.6117
1.6004
1.5874
1.5815
1.5985
1.6051
1.6106
1.6108
1.6121
1.5953
1.5918
1.5942
1.5786
1.5681
1.5669
1.5689
1.5569
1.5582
1.5676
1.5865
1.5832
1.5971
1.5894
1.5779
1.5754
1.5724
1.5754
1.5744
1.5777
1.5698
1.5536
1.5544
1.5501
1.5397
1.5433
1.5459
1.5694
1.5657
1.5548
1.5402
1.55
1.5428
1.5708
1.569
1.5612
1.5794
1.5758
1.5708
1.5871
1.6101
1.6105
1.62
1.6168
1.6236
1.6275
1.6224
1.6201
1.6203
1.6193
1.6223
1.6206
1.6182
1.6212
1.6239
1.6018
1.5813
1.5787
1.5734
1.5702
1.5689
1.5704
1.5606
1.5407
1.5433
1.5378
1.5335
1.524
1.5234
1.5274
1.5369
1.5507
1.5416
1.554
1.5361
1.5537
1.5633
1.5451
1.5509
1.5621
1.5606
1.5657
1.56
1.5541
1.5444
1.5411
1.557
1.5598
1.5522
1.5793
1.5672
1.572
1.5742
1.5581
1.5429
1.5483
1.569
1.5791
1.5728
1.5879
1.5869
1.5696
1.5672
1.5752
1.578
1.5787
1.5794
1.5843
1.6035
1.6027
1.5861
1.5709
1.5601
1.5856
1.5693
1.5648
1.5546
1.5619
1.5398
1.5248
1.5308
1.5311
1.536
1.5458
1.5445
1.5443
1.5754
1.574
1.5807
1.5872
1.5839
1.5855
1.5865
1.5952
1.5958
1.5834
1.5682
1.5804
1.5923
1.5923
1.5852
1.5693
1.5702
1.5655
1.5635
1.5735
1.5657
1.5776
1.5876
1.5846
1.5815
1.5787
1.5882
1.5992
1.5882
1.5761
1.5766
1.5873
1.5778
1.5664
1.5595
1.5643
1.5472
1.5481
1.5584
1.5459
1.5432
1.5389
1.5295
1.5165
1.5109
1.4983
1.5052
1.5069
1.4999
1.5039
1.5128
1.4953
1.4952
1.492
1.4789
1.4781
1.4928
1.4959
1.5065
1.4942
1.4752
1.4741
1.4723
1.4771
1.474
1.4891
1.4996
1.4965
1.4973
1.4824
1.4924
1.4868
1.4768
1.4832
1.4701
1.4698
1.464
1.468
1.4667
1.4502
1.4269
1.4253
1.4264
1.4306
1.4177
1.4215
1.4133
1.4172
1.4306
1.4278
1.4354
1.4266
1.4029
1.4097
1.4071
1.4011
1.4023
1.3962
1.3969
1.4027
1.4013
1.3972
1.3944
1.3902
1.3801
1.3666
1.3788
1.3777
1.3651
1.359
1.3721
1.375
1.3731
1.3687
1.3622
1.3408
1.3363
1.3407
1.3466
1.3688
1.363
1.3571
1.3536
1.3567
1.368
1.3665
1.3335
1.3341
1.3337
1.331
1.334
1.3402
1.3292
1.3379
1.3422
1.3329
1.328
1.3142
1.3229
1.3249
1.3031
1.289
1.278
1.2832
1.2792
1.276
1.2837
1.312
1.3407
1.3095
1.3204
1.309
1.2919
1.2954
1.2894
1.2766
1.2848
1.2734
1.2595
1.2672
1.2576
1.2529
1.2486
1.2501
1.2583
1.2629
1.2631
1.2668
1.2723
1.2601
1.2533
1.268
1.281
1.2799
1.2757
1.2812
1.289
1.3124
1.334
1.3343
1.3339
1.3311
1.3213
1.3072
1.2986
1.2978
1.3157
1.3201
1.3586
1.3667
1.3583
1.3284
1.3388
1.3386
1.3395
1.3382
1.3391
1.3504
1.3454
1.3372
1.3543
1.3508
1.3358
1.3467
1.3633
1.3595
1.3504
1.3398
1.3329
1.3366
1.3341
1.3236
1.318
1.3326
1.3292
1.3409
1.3449
1.3425
1.3487
1.3333
1.3489
1.356
1.3451
1.3561
1.332
1.3286
1.331
1.3131
1.3118
1.3185
1.3199
1.3335
1.3423
1.341
1.3487
1.3536
1.3678
1.3795
1.3801
1.3795
1.3897
1.3978
1.4073
1.4085
1.3998
1.407
1.4018
1.412
1.4168
1.41
1.4023
1.3999
1.4088
1.4165
1.4192
1.4217
1.426
1.43
1.4299
1.4291
1.4245
1.421
1.4195
1.415
1.416
1.4168
1.4136
1.4269
1.41
1.396
1.3931
1.3832
1.3742
1.3851
1.3749
1.3817
1.3778
1.3895
1.3957
1.3865
1.3799
1.3556
1.3454
1.3523
1.3429
1.3306
1.336
1.3291
1.3269
1.3366
1.3386
1.3361
1.3354
1.3371
1.3359
1.3531
1.344
1.3297
1.3358
1.3316
1.341
1.3322
1.3273
1.3236
1.324
1.3221
1.3155
1.3275
1.3322
1.3232
1.333
1.3218
1.3011
1.2867
1.285
1.2839
1.2784
1.3052
1.33
1.3139
1.3182
1.3388
1.3463
1.3475
1.3498
1.3595
1.363
1.3651
1.3644
1.3679
1.3717
1.3649
1.3596
1.3448
1.338
1.3502
1.3573
1.3572
1.3464
1.328
1.3317
1.3328
1.3327
1.3398
1.3444
1.3491
1.3629
1.355
1.3487
1.3535
1.3408
1.3454
1.3469
1.3575
1.3616
1.3539
1.3481
1.3416
1.3488
1.3597
1.3779
1.374
1.3808
1.3894
1.386
1.3911
1.389
1.3816
1.3778
1.3733
1.3737
1.3674
1.3785
1.3686
1.3719
1.3676
1.3714
1.3695
1.3741
1.3812
1.3864
1.3938
1.3906
1.3934
1.3771
1.3694
1.3808
1.3826
1.3929
1.3968
1.4065
1.4102
1.4088
1.4096
1.4175
1.4303
1.3978
1.3884
1.3777
1.3701
1.3677
1.3753
1.3781
1.3818
1.386
1.3804
1.3799
1.3725
1.378
1.3768
1.3855
1.3925
